38216574 30.566278
34756128 30.56628
32165478 30.56628
32165478 30.56628
32165748 30.56628
32187654 30.566278
38216547 30.980492
34526187 30.980494
35462187 30.980494
32165487 30.980494
32184657 30.980492
65432187 31.263504
62184357 31.263504
37456128 31.394707
37816254 31.394707
38217564 31.394705
32816574 31.394707
34657128 31.394709
35781264 31.394705
35462178 31.394707
35712648 31.394705
38162574 31.394707
32187654 31.394705
32175648 31.394705
32178654 31.394705
32187564 31.394705
36182574 31.394707
36125478 31.394707
36125478 31.394707
36125748 31.394707
36128574 31.394707
36781254 31.394707
38475612 31.44031
38745612 31.44031
38745612 31.44031
38216574 31.44031
34567812 31.440311
35478126 31.44031
35478126 31.44031
35762184 31.440311
35748126 31.44031
32165784 31.440311
32184756 31.44031
32187654 31.44031
32187456 31.44031
32187456 31.44031
38456127 31.56628
38216547 31.566278
34821657 31.566278
34516287 31.56628
34526187 31.56628
34561287 31.56628
35462187 31.56628
32165487 31.56628
65781234 31.677715
65432178 31.677717
65712348 31.677717
65712834 31.677717
62175348 31.677717
62187354 31.677715
62187534 31.677715
31625478 31.802347
31625478 31.802347
31625748 31.802347
31876254 31.802347
34756128 31.802347
38762154 31.802347
38716254 31.802347
38721654 31.802345
34512678 31.802347
34526178 31.80235
34561278 31.80235
35621874 31.80235
35412678 31.802347
35412678 31.802347
35762148 31.80235
35762184 31.80235
35746128 31.802347
37456128 31.802347
37821654 31.802345
37456128 31.802347
32165874 31.80235
32165784 31.80235
32165748 31.80235
32145678 31.802347
32145678 31.802347
32871654 31.802345
32456187 31.80892
32816547 31.80892
35462187 31.80892
35812647 31.808918
38124657 31.80892
38162547 31.80892
32184657 31.808918
32185647 31.808918
36182547 31.80892
36124587 31.80892
36125487 31.80892
36128547 31.80892
36452187 31.80892
